       1  Fund        2.00       1    6.00    5.00    5.00       0
       2  Fund       -2.00       1    6.00    5.00    7.00       0
       3  Fund        1.00       1    5.00    4.00    9.00       0
       4  Fund        5.00       1    7.00    5.00    7.00       0
       5  Fund       -2.00       1    5.00    5.00    7.00       0
       6  Fund        7.00       1    7.00    6.00    7.00       0
       7  Fund        7.00       1    6.00    3.00    5.00       0
       8  Fund       -1.00       1    5.00    3.00    5.00       0
       9  Fund        4.00       1    6.00    2.00    6.00       0
      10  Fund        2.00       1    5.00    3.00    3.00       0
      11  Fund        5.00       1    7.00    5.00    6.00       0
      12  Fund       -2.00       1    5.00    3.00    6.00       0
      13  Fund        3.00       1    4.00    2.00    4.00       0
      14  Fund        0.00       1    4.00    4.00    6.00       0
      15  Miss        5.00       4       .       .       .       1
      16  Miss        5.00       4       .       .       .       1
      17  Fund        2.00       1    4.00    4.00    5.00       0
      18  Fund        4.00       1    7.00    4.00    5.00       0
      19  Fund        0.00       1    5.00    2.00    4.00       0
      20  Fund        9.00       1    6.00    4.00    6.00       0
      21  Fund        9.00       1    6.00    4.00    5.00       0
      22  Fund        3.00       1    4.00    3.00    5.00       0
      23  Fund        6.00       1    5.00    3.00    5.00       0
      24  Fund        3.00       1    4.00    4.00    6.00       0
      25  Fund        4.00       1    5.00    3.00    5.00       0
      26  Fund        1.00       1    5.00    4.00    5.00       0
      27  Fund        4.00       1    5.00    2.00    5.00       0
      28  Fund        1.00       1    6.00    4.00    5.00       0
      29  Fund        3.00       1    6.00    6.00    6.00       0
      30  Fund        3.00       1    6.00    5.00    4.00       0
      31  Fund        5.00       1    4.00    4.00    6.00       0
      32  Fund        0.00       1    5.00    2.00    5.00       0
      33  Fund        3.00       1    6.00    5.00    6.00       0
      34  Fund        3.00       1    5.00    2.00    5.00       0
      35  Fund        3.00       1    5.00    5.00    7.00       0
      36  Fund        3.00       1    5.00    4.00    5.00       0
      37  Miss        8.00       4       .       .       .       1
      38  Fund        6.00       1    6.00    5.00    7.00       0
      39  Fund        3.00       1    7.00    5.00    7.00       0
      40  Fund        5.00       1    7.00    4.00    6.00       0
      41  Fund        2.00       1    4.00    5.00    5.00       0
      42  Fund        4.00       1    6.00    6.00    7.00       0
      43  Fund        2.00       1    4.00    1.00    4.00       0
      44  Fund        0.00       1    5.00    3.00    6.00       0
      45  Fund        3.00       1    5.00    4.00    4.00       0
      46  Miss       -3.00       4       .       .       .       1
      47  Fund        6.00       1    5.00    3.00    4.00       0
      48  Fund        5.00       1    6.00    6.00    7.00       0
      49  Fund        3.00       1    5.00    5.00    7.00       0
      50  Fund        3.00       1    4.00    1.00    4.00       0
      51  Fund        3.00       1    5.00    5.00    6.00       0
      52  Fund        1.00       1    5.00    5.00    7.00       0
      53  Fund       -1.00       1    7.00    5.00    5.00       0
      54  Fund        2.00       1    5.00    4.00    6.00       0
      55  Miss        5.00       4       .       .       .       1
      56  Fund        4.00       1    6.00    4.00    4.00       0
      57  Fund        1.00       1    4.00    4.00    5.00       0
      58  Fund        6.00       1    6.00    4.00    8.00       0
      59  Fund        3.00       1    6.00    4.00    6.00       0
      60  Fund       10.00       1    7.00    3.00    7.00       0
      61  Fund        2.00       1    5.00    3.00    5.00       0
      62  Miss        6.00       4       .       .       .       1
      63  Fund        4.00       1    6.00    3.00    5.00       0
      64  Fund        7.00       1    6.00    3.00    6.00       0
      65  Fund        8.00       1    6.00    6.00    5.00       0
      66  Fund        2.00       1    7.00    4.00    6.00       0
      67  Fund        1.00       1    4.00    5.00    5.00       0
      68  Fund       -1.00       1    5.00    4.00    6.00       0
      69  Fund        1.00       1    7.00    5.00    6.00       0
      70  Fund        3.00       1    5.00    4.00    5.00       0
      71  Miss        3.00       4       .       .       .       1
      72  Miss        2.00       4       .       .       .       1
      73  Miss        2.00       4       .       .       .       1
      74  Fund        1.00       1    5.00    3.00    5.00       0
      75  Fund        5.00       1    3.00    3.00    6.00       0
      76  Fund       -1.00       1    7.00    3.00    6.00       0
      77  Fund        4.00       1    6.00    2.00    3.00       0
      78  Fund        4.00       1    7.00    4.00    5.00       0
      79  Fund        3.00       1    7.00    5.00    6.00       0
      80  Fund        4.00       1    5.00    3.00    2.00       0
      81  Fund        6.00       1    5.00    5.00    6.00       0
      82  Miss        4.00       4       .       .       .       1
      83  Fund        5.00       1    6.00    2.00    5.00       0
      84  Fund       -2.00       1    6.00    3.00    5.00       0
      85  Fund        3.00       1    5.00    4.00    5.00       0
      86  Fund        0.00       1    8.00    6.00    6.00       0
      87  Fund        4.00       1    6.00    5.00    7.00       0
      88  Fund        5.00       1    5.00    3.00    5.00       0
      89  Fund        0.00       1    4.00    1.00    4.00       0
      90  Fund        4.00       1    6.00    4.00    5.00       0
      91  Fund        5.00       1    6.00    5.00    6.00       0
      92  Fund        2.00       1    5.00    4.00    5.00       0
      93  Fund        4.00       1    5.00    4.00    6.00       0
      94  Fund        3.00       1    5.00    3.00    6.00       0
      95  Miss        7.00       4       .       .       .       1
      96  Miss       -1.00       4       .       .       .       1
      97  Fund       -3.00       1    6.00    5.00    4.00       0
      98  Fund        2.00       1    5.00    4.00    5.00       0
      99  Fund       12.00       1    5.00    6.00    7.00       0
     100  Fund        8.00       1    5.00    3.00    4.00       0
     101  Fund       -2.00       1    5.00    3.00    5.00       0
     102  Fund        2.00       1    5.00    4.00    4.00       0
     103  Fund       -1.00       1    5.00    3.00    4.00       0
     104  Fund        2.00       1    6.00    4.00    6.00       0
     105  Fund       -2.00       1    4.00    2.00    4.00       0
     106  Fund        2.00       1    4.00    3.00    3.00       0
     107  Fund        4.00       1    5.00    3.00    6.00       0
     108  Fund        4.00       1    6.00    3.00    4.00       0
     109  Fund       10.00       1    4.00    4.00    6.00       0
     110  Miss        4.00       4       .       .       .       1
     111  Fund        7.00       1    6.00    6.00    7.00       0
     112  Fund        6.00       1    5.00    2.00    5.00       0
     113  Fund        4.00       1    5.00    4.00    6.00       0
     114  Miss        2.00       4       .       .       .       1
     115  Fund        6.00       1    5.00    3.00    5.00       0
     116  Fund        3.00       1    5.00    2.00    6.00       0
     117  Fund       -1.00       1    5.00    3.00    4.00       0
     118  Fund        4.00       1    3.00    4.00    5.00       0
     119  Fund       -3.00       1    4.00    4.00    5.00       0
     120  Fund        0.00       1    4.00    4.00    6.00       0
     121  Miss        5.00       4       .       .       .       1
     122  Miss        3.00       4       .       .       .       1
     123  Fund       -1.00       1    4.00    4.00    5.00       0
     124  Fund        1.00       1    6.00    4.00    5.00       0
     125  Fund        2.00       1    6.00    3.00    6.00       0
     126  Fund        4.00       1    5.00    3.00    5.00       0
     127  Fund        4.00       1    5.00    6.00    5.00       0
     128  Fund        4.00       1    4.00    1.00    6.00       0
     129  Fund        2.00       1    6.00    4.00    8.00       0
     130  Fund        6.00       1    6.00    4.00    6.00       0
     131  Fund        8.00       1    7.00    4.00    6.00       0
     132  Fund        5.00       1    6.00    5.00    7.00       0
     133  Fund        4.00       1    6.00    5.00    6.00       0
     134  Fund        3.00       1    5.00    5.00    5.00       0
     135  Fund        2.00       1    5.00    5.00    6.00       0
     136  Fund        1.00       1    5.00    2.00    6.00       0
     137  Fund        4.00       1    6.00    5.00    5.00       0
     138  Fund        2.00       1    3.00    2.00    3.00       0
     139  Fund       10.00       1    8.00    4.00    6.00       0
     140  Fund        3.00       1    6.00    4.00    6.00       0
     141  Fund        2.00       1    5.00    4.00    7.00       0
     142  Fund        6.00       1    8.00    3.00    6.00       0
     143  Fund        5.00       1    4.00    4.00    5.00       0
     144  Fund        3.00       1    4.00    5.00    4.00       0
     145  Fund        4.00       1    5.00    2.00    6.00       0
     146  Fund        5.00       1    7.00    5.00    6.00       0
     147  Miss       -1.00       4       .       .       .       1
     148  Miss        7.00       4       .       .       .       1
     149  Fund        3.00       1    6.00    6.00    6.00       0
     150  Fund        7.00       1    7.00    2.00    5.00       0
     151  Fund        2.00       1    5.00    5.00    6.00       0
     152  Fund        6.00       1    6.00    4.00    7.00       0
     153  Fund        0.00       1    6.00    5.00    5.00       0
     154  Fund        8.00       1    5.00    4.00    5.00       0
     155  Fund        2.00       1    6.00    8.00    7.00       0
     156  Fund        3.00       1    4.00    5.00    5.00       0
     157  Fund        7.00       1    4.00    3.00    5.00       0
     158  Fund       -1.00       1    5.00    4.00    7.00       0
     159  Fund        4.00       1    7.00    4.00    5.00       0
     160  Miss        6.00       4       .       .       .       1
     161  Fund       -1.00       1    5.00    2.00    6.00       0
     162  Fund        2.00       1    5.00    3.00    5.00       0
     163  Fund        4.00       1    5.00    3.00    6.00       0
     164  Fund        4.00       1    5.00    2.00    4.00       0
     165  Fund        1.00       1    5.00    1.00    3.00       0
     166  Fund        7.00       1    7.00    4.00    5.00       0
     167  Fund        6.00       1    5.00    1.00    6.00       0
     168  Fund        1.00       1    5.00    5.00    4.00       0
     169  Fund        3.00       1    6.00    6.00    6.00       0
     170  Fund        0.00       1    5.00    2.00    5.00       0
     171  Fund       -1.00       1    6.00    4.00    5.00       0
     172  Fund        1.00       1    6.00    3.00    6.00       0
     173  Fund        6.00       1    3.00    1.00    3.00       0
     174  Fund        3.00       1    6.00    4.00    6.00       0
     175  Miss        9.00       4       .       .       .       1
     176  Fund        3.00       1    7.00    6.00    6.00       0
     177  Fund        5.00       1    5.00    3.00    6.00       0
     178  Fund       -1.00       1    6.00    3.00    6.00       0
     179  Fund        1.00       1    6.00    5.00    6.00       0
     180  Fund        2.00       1    5.00    6.00    6.00       0
     181  Fund       -3.00       1    4.00    2.00    5.00       0
     182  Fund        5.00       1    7.00    4.00    5.00       0
     183  Fund        3.00       1    6.00    5.00    6.00       0
     184  Fund        4.00       1    4.00    4.00    5.00       0
     185  Fund        3.00       1    7.00    5.00    7.00       0
     186  Fund        4.00       1    6.00    6.00    6.00       0
     187  Fund        2.00       1    6.00    6.00    5.00       0
     188  Fund        5.00       1    6.00    6.00    6.00       0
     189  Fund        0.00       1    5.00    5.00    5.00       0
     190  Fund        1.00       1    6.00    5.00    8.00       0
     191  Fund        1.00       1    5.00    1.00    6.00       0
     192  Fund        3.00       1    6.00    4.00    5.00       0
     193  Fund        5.00       1    5.00    5.00    6.00       0
     194  Fund       -4.00       1    6.00    2.00    5.00       0
     195  Fund        0.00       1    6.00    4.00    6.00       0
     196  Fund        9.00       1    7.00    5.00    6.00       0
     197  Fund        5.00       1    6.00    4.00    6.00       0
     198  Fund        4.00       1    7.00    5.00    6.00       0
     199  Fund        7.00       1    6.00    5.00    5.00       0
     200  Fund        8.00       1    7.00    6.00    8.00       0
     201  Mod         4.00       2    6.00    4.00    7.00       0
     202  Mod         4.00       2    5.00    5.00    6.00       0
     203  Mod         5.00       2    5.00    4.00    6.00       0
     204  Mod         2.00       2    3.00    4.00    5.00       0
     205  Mod        10.00       2    5.00    5.00    6.00       0
     206  Mod         6.00       2    3.00    2.00    4.00       0
     207  Mod         0.00       2    3.00    3.00    3.00       0
     208  Mod         1.00       2    4.00    3.00    5.00       0
     209  Miss        1.00       4       .       .       .       1
     210  Mod        -3.00       2    2.00    2.00    3.00       0
     211  Mod         0.00       2    4.00    3.00    5.00       0
     212  Mod        -3.00       2    4.00    2.00    2.00       0
     213  Mod        -3.00       2    4.00    3.00    6.00       0
     214  Mod         6.00       2    6.00    4.00    6.00       0
     215  Mod         1.00       2    4.00    4.00    4.00       0
     216  Mod         6.00       2    5.00    4.00    7.00       0
     217  Mod        -2.00       2    3.00    2.00    4.00       0
     218  Mod         2.00       2    4.00    4.00    6.00       0
     219  Mod         3.00       2    3.00    4.00    5.00       0
     220  Mod         2.00       2    4.00    4.00    4.00       0
     221  Mod         0.00       2    4.00    3.00    4.00       0
     222  Mod         1.00       2    3.00    2.00    5.00       0
     223  Mod         4.00       2    6.00    5.00    7.00       0
     224  Mod        -1.00       2    5.00    3.00    4.00       0
     225  Mod         0.00       2    5.00    4.00    7.00       0
     226  Mod         0.00       2    3.00    5.00    6.00       0
     227  Mod         4.00       2    5.00    4.00    5.00       0
     228  Mod         2.00       2    4.00    3.00    6.00       0
     229  Mod         1.00       2    3.00    3.00    4.00       0
     230  Mod         1.00       2    5.00    4.00    3.00       0
     231  Mod         5.00       2    6.00    3.00    6.00       0
     232  Mod         2.00       2    5.00    2.00    3.00       0
     233  Miss        7.00       4       .       .       .       1
     234  Mod        -3.00       2    4.00    4.00    5.00       0
     235  Mod         4.00       2    4.00    3.00    5.00       0
     236  Mod         1.00       2    5.00    4.00    5.00       0
     237  Mod         7.00       2    6.00    5.00    5.00       0
     238  Mod         7.00       2    4.00    6.00    4.00       0
     239  Mod        -4.00       2    4.00    5.00    6.00       0
     240  Mod        -4.00       2    5.00    4.00    8.00       0
     241  Mod         0.00       2    6.00    1.00    2.00       0
     242  Mod         3.00       2    6.00    5.00    8.00       0
     243  Mod         2.00       2    4.00    2.00    6.00       0
     244  Mod        -3.00       2    4.00    3.00    7.00       0
     245  Mod         4.00       2    2.00    4.00    5.00       0
     246  Mod         2.00       2    5.00    3.00    6.00       0
     247  Mod         1.00       2    4.00    3.00    5.00       0
     248  Mod         4.00       2    6.00    7.00    8.00       0
     249  Mod         3.00       2    5.00    2.00    5.00       0
     250  Miss       -2.00       4       .       .       .       1
     251  Mod        -2.00       2    5.00    4.00    6.00       0
     252  Mod        -4.00       2    3.00    4.00    4.00       0
     253  Mod         5.00       2    4.00    1.00    5.00       0
     254  Mod         9.00       2    5.00    3.00    5.00       0
     255  Mod         2.00       2    4.00    4.00    4.00       0
     256  Mod         3.00       2    3.00    4.00    6.00       0
     257  Mod         0.00       2    4.00    2.00    7.00       0
     258  Mod         6.00       2    6.00    4.00    4.00       0
     259  Mod         3.00       2    6.00    4.00    6.00       0
     260  Mod        10.00       2    4.00    5.00    8.00       0
     261  Mod         3.00       2    4.00    3.00    5.00       0
     262  Mod         3.00       2    5.00    5.00    6.00       0
     263  Mod         4.00       2    5.00    5.00    5.00       0
     264  Mod         1.00       2    3.00    3.00    5.00       0
     265  Mod         1.00       2    2.00    2.00    4.00       0
     266  Mod         1.00       2    5.00    3.00    4.00       0
     267  Mod         0.00       2    4.00    5.00    6.00       0
     268  Mod         8.00       2    5.00    3.00    7.00       0
     269  Mod        -2.00       2    4.00    3.00    4.00       0
     270  Mod         0.00       2    7.00    5.00    6.00       0
     271  Mod        -2.00       2    3.00    2.00    5.00       0
     272  Mod         0.00       2    2.00    2.00    4.00       0
     273  Mod         3.00       2    4.00    4.00    6.00       0
     274  Miss        4.00       4       .       .       .       1
     275  Mod         1.00       2    2.00    2.00    2.00       0
     276  Mod        -1.00       2    3.00    3.00    4.00       0
     277  Mod         1.00       2    7.00    5.00    7.00       0
     278  Mod         3.00       2    4.00    2.00    5.00       0
     279  Mod         2.00       2    4.00    2.00    5.00       0
     280  Mod         0.00       2    5.00    3.00    6.00       0
     281  Mod        -1.00       2    4.00    3.00    4.00       0
     282  Mod         0.00       2    3.00    2.00    3.00       0
     283  Mod         1.00       2    5.00    4.00    7.00       0
     284  Mod        -2.00       2    4.00    4.00    3.00       0
     285  Mod         3.00       2    4.00    4.00    6.00       0
     286  Mod        -1.00       2    5.00    4.00    4.00       0
     287  Mod         9.00       2    3.00    4.00    6.00       0
     288  Mod         5.00       2    4.00    5.00    5.00       0
     289  Mod         3.00       2    4.00    5.00    5.00       0
     290  Mod         0.00       2    4.00    4.00    4.00       0
     291  Mod         0.00       2    6.00    5.00    5.00       0
     292  Mod         0.00       2    4.00    6.00    8.00       0
     293  Mod         1.00       2    1.00    2.00    4.00       0
     294  Mod        -1.00       2    3.00    1.00    5.00       0
     295  Mod         3.00       2    2.00    5.00    6.00       0
     296  Mod        -3.00       2    4.00    3.00    6.00       0
     297  Mod        -4.00       2    2.00    2.00    2.00       0
     298  Mod         1.00       2    4.00    4.00    4.00       0
     299  Mod         3.00       2    4.00    3.00    6.00       0
     300  Mod        -1.00       2    4.00    3.00    4.00       0
     301  Miss        1.00       4       .       .       .       1
     302  Mod         2.00       2    5.00    4.00    7.00       0
     303  Mod         8.00       2    4.00    4.00    5.00       0
     304  Mod         6.00       2    3.00    4.00    6.00       0
     305  Mod         2.00       2    6.00    4.00    5.00       0
     306  Mod         2.00       2    2.00    2.00    5.00       0
     307  Mod         0.00       2    4.00    4.00    3.00       0
     308  Mod         4.00       2    3.00    3.00    6.00       0
     309  Mod         2.00       2    5.00    4.00    4.00       0
     310  Mod         0.00       2    6.00    4.00    5.00       0
     311  Mod         1.00       2    3.00    2.00    3.00       0
     312  Mod         2.00       2    4.00    2.00    2.00       0
     313  Mod         1.00       2    4.00    3.00    6.00       0
     314  Mod        -3.00       2    3.00    3.00    3.00       0
     315  Mod         3.00       2    3.00    2.00    0.00       0
     316  Mod         2.00       2    4.00    4.00    6.00       0
     317  Mod         1.00       2    4.00    6.00    5.00       0
     318  Mod        -1.00       2    5.00    3.00    5.00       0
     319  Mod         3.00       2    3.00    4.00    5.00       0
     320  Mod         4.00       2    5.00    3.00    6.00       0
     321  Mod        -2.00       2    4.00    3.00    4.00       0
     322  Mod         3.00       2    4.00    3.00    6.00       0
     323  Mod         6.00       2    3.00    3.00    3.00       0
     324  Mod         2.00       2    5.00    3.00    7.00       0
     325  Mod         0.00       2    5.00    3.00    4.00       0
     326  Mod         2.00       2    4.00    2.00    3.00       0
     327  Mod         0.00       2    4.00    3.00    6.00       0
     328  Mod         4.00       2    5.00    3.00    5.00       0
     329  Mod         4.00       2    3.00    2.00    5.00       0
     330  Mod        -3.00       2    3.00    0.00    3.00       0
     331  Mod         7.00       2    5.00    4.00    6.00       0
     332  Mod         5.00       2    5.00    3.00    3.00       0
     333  Mod        -2.00       2    4.00    3.00    6.00       0
     334  Mod         5.00       2    5.00    4.00    4.00       0
     335  Mod         2.00       2    6.00    4.00    4.00       0
     336  Mod        -1.00       2    3.00    2.00    4.00       0
     337  Mod         6.00       2    5.00    5.00    7.00       0
     338  Mod        -1.00       2    3.00    1.00    6.00       0
     339  Mod        -1.00       2    3.00    3.00    6.00       0
     340  Mod         0.00       2    4.00    4.00    4.00       0
     341  Mod        -2.00       2    5.00    3.00    7.00       0
     342  Mod        -5.00       2    3.00    2.00    6.00       0
     343  Mod         6.00       2    3.00    3.00    6.00       0
     344  Mod         4.00       2    3.00    3.00    4.00       0
     345  Mod         7.00       2    4.00    3.00    6.00       0
     346  Mod         7.00       2    2.00    2.00    6.00       0
     347  Mod        -3.00       2    6.00    5.00    4.00       0
     348  Mod         5.00       2    5.00    5.00    6.00       0
     349  Mod         4.00       2    5.00    5.00    7.00       0
     350  Mod        -3.00       2    4.00    3.00    2.00       0
     351  Mod        -2.00       2    4.00    5.00    8.00       0
     352  Mod         5.00       2    6.00    4.00    6.00       0
     353  Mod        -2.00       2    3.00    5.00    7.00       0
     354  Mod         6.00       2    4.00    4.00    8.00       0
     355  Mod         4.00       2    5.00    4.00    5.00       0
     356  Mod         3.00       2    3.00    2.00    6.00       0
     357  Mod         7.00       2    6.00    4.00    7.00       0
     358  Mod         2.00       2    6.00    5.00    9.00       0
     359  Mod         3.00       2    3.00    3.00    3.00       0
     360  Mod         2.00       2    7.00    5.00    5.00       0
     361  Mod         2.00       2    5.00    2.00    5.00       0
     362  Mod         6.00       2    6.00    4.00    7.00       0
     363  Mod         2.00       2    3.00    4.00    4.00       0
     364  Mod         6.00       2    5.00    3.00    5.00       0
     365  Mod         6.00       2    6.00    4.00    7.00       0
     366  Mod         3.00       2    3.00    4.00    6.00       0
     367  Mod         3.00       2    2.00    4.00    5.00       0
     368  Mod         2.00       2    5.00    5.00    7.00       0
     369  Mod         3.00       2    5.00    3.00    3.00       0
     370  Mod         1.00       2    4.00    5.00    6.00       0
     371  Mod         4.00       2    4.00    4.00    6.00       0
     372  Mod         0.00       2    3.00    1.00    6.00       0
     373  Mod         7.00       2    4.00    2.00    6.00       0
     374  Mod         0.00       2    4.00    5.00    4.00       0
     375  Mod         4.00       2    4.00    5.00    5.00       0
     376  Mod         3.00       2    4.00    4.00    6.00       0
     377  Mod         2.00       2    3.00    2.00    5.00       0
     378  Mod        -2.00       2    4.00    3.00    5.00       0
     379  Mod         3.00       2    7.00    5.00    5.00       0
     380  Mod         1.00       2    4.00    2.00    4.00       0
     381  Mod        -1.00       2    4.00    7.00    6.00       0
     382  Mod        -5.00       2    3.00    2.00    4.00       0
     383  Mod         2.00       2    5.00    7.00    8.00       0
     384  Mod        -1.00       2    4.00    3.00    5.00       0
     385  Mod         3.00       2    4.00    3.00    7.00       0
     386  Mod         6.00       2    8.00    4.00    7.00       0
     387  Mod         4.00       2    6.00    4.00    6.00       0
     388  Mod         5.00       2    4.00    5.00    6.00       0
     389  Mod        -1.00       2    4.00    3.00    4.00       0
     390  Mod        -4.00       2    4.00    3.00    3.00       0
     391  Mod        -2.00       2    6.00    5.00    5.00       0
     392  Mod         6.00       2    5.00    3.00    5.00       0
     393  Mod         4.00       2    3.00    3.00    3.00       0
     394  Mod         2.00       2    4.00    3.00    4.00       0
     395  Mod         6.00       2    5.00    6.00    4.00       0
     396  Mod        -1.00       2    3.00    4.00    4.00       0
     397  Mod         1.00       2    2.00    3.00    4.00       0
     398  Mod        -4.00       2    5.00    6.00    6.00       0
     399  Mod         6.00       2    3.00    2.00    3.00       0
     400  Mod         3.00       2    3.00    4.00    6.00       0
     401  Mod        -4.00       2    4.00    4.00    3.00       0
     402  Mod         1.00       2    5.00    5.00    6.00       0
     403  Mod         6.00       2    1.00    2.00    4.00       0
     404  Mod         2.00       2    3.00    2.00    5.00       0
     405  Mod         2.00       2    2.00    2.00    3.00       0
     406  Mod         6.00       2    3.00    5.00    9.00       0
     407  Mod         3.00       2    4.00    2.00    5.00       0
     408  Mod         0.00       2    6.00    3.00    4.00       0
     409  Mod        -1.00       2    5.00    3.00    5.00       0
     410  Mod         5.00       2    5.00    4.00    6.00       0
     411  Mod        -2.00       2    4.00    1.00    4.00       0
     412  Mod        -2.00       2    4.00    2.00    5.00       0
     413  Mod         1.00       2    4.00    5.00    8.00       0
     414  Mod         9.00       2    5.00    4.00    3.00       0
     415  Mod         3.00       2    4.00    5.00    3.00       0
     416  Mod        11.00       2    5.00    2.00    6.00       0
     417  Mod         2.00       2    3.00    2.00    5.00       0
     418  Mod         1.00       2    3.00    2.00    4.00       0
     419  Mod         2.00       2    2.00    6.00    6.00       0
     420  Mod         3.00       2    5.00    4.00    5.00       0
     421  Mod        -1.00       2    4.00    3.00    6.00       0
     422  Mod         6.00       2    7.00    5.00    8.00       0
     423  Mod         5.00       2    4.00    6.00    7.00       0
     424  Mod         3.00       2    3.00    2.00    2.00       0
     425  Mod         3.00       2    4.00    3.00    4.00       0
     426  Mod        -3.00       2    4.00    4.00    6.00       0
     427  Mod         2.00       2    4.00    4.00    7.00       0
     428  Mod         2.00       2    4.00    3.00    5.00       0
     429  Mod         1.00       2    4.00    3.00    5.00       0
     430  Mod         3.00       2    2.00    2.00    5.00       0
     431  Mod         1.00       2    7.00    6.00    7.00       0
     432  Mod        -1.00       2    6.00    3.00    3.00       0
     433  Mod         6.00       2    4.00    3.00    6.00       0
     434  Mod         7.00       2    2.00    4.00    6.00       0
     435  Mod         3.00       2    6.00    3.00    6.00       0
     436  Mod        -1.00       2    5.00    4.00    4.00       0
     437  Mod         4.00       2    4.00    2.00    5.00       0
     438  Mod        -1.00       2    3.00    2.00    3.00       0
     439  Mod         1.00       2    4.00    4.00    7.00       0
     440  Mod         9.00       2    6.00    3.00    6.00       0
     441  Mod         5.00       2    4.00    4.00    6.00       0
     442  Mod         8.00       2    5.00    4.00    5.00       0
     443  Mod         5.00       2    6.00    5.00    6.00       0
     444  Mod         1.00       2    6.00    6.00    7.00       0
     445  Mod        -5.00       2    2.00    5.00    6.00       0
     446  Mod         0.00       2    6.00    5.00    7.00       0
     447  Mod         0.00       2    4.00    4.00    5.00       0
     448  Mod        -1.00       2    5.00    4.00    5.00       0
     449  Mod         7.00       2    6.00    6.00    8.00       0
     450  Mod         6.00       2    5.00    5.00    7.00       0
     451  Mod         0.00       2    5.00    3.00    3.00       0
     452  Mod        -4.00       2    5.00    4.00    6.00       0
     453  Mod         1.00       2    3.00    2.00    4.00       0
     454  Mod        -2.00       2    4.00    2.00    5.00       0
     455  Mod         2.00       2    5.00    6.00    4.00       0
     456  Mod         5.00       2    5.00    3.00    3.00       0
     457  Mod        -2.00       2    6.00    5.00    4.00       0
     458  Mod         0.00       2    3.00    3.00    4.00       0
     459  Mod         7.00       2    5.00    4.00    3.00       0
     460  Mod         0.00       2    5.00    4.00    3.00       0
     461  Mod         4.00       2    2.00    2.00    4.00       0
     462  Mod         1.00       2    3.00    3.00    5.00       0
     463  Mod        -2.00       2    3.00    3.00    4.00       0
     464  Mod         3.00       2    4.00    3.00    7.00       0
     465  Mod         3.00       2    5.00    3.00    6.00       0
     466  Mod         0.00       2    4.00    5.00    7.00       0
     467  Mod         2.00       2    4.00    1.00    5.00       0
     468  Mod         7.00       2    4.00    3.00    5.00       0
     469  Mod         4.00       2    4.00    3.00    5.00       0
     470  Mod         2.00       2    5.00    3.00    3.00       0
     471  Mod         2.00       2    3.00    3.00    4.00       0
     472  Mod         1.00       2    5.00    5.00    7.00       0
     473  Mod         0.00       2    4.00    5.00    5.00       0
     474  Mod         3.00       2    2.00    4.00    7.00       0
     475  Mod         1.00       2    4.00    3.00    5.00       0
     476  Mod         0.00       2    3.00    5.00    4.00       0
     477  Mod         3.00       2    4.00    4.00    5.00       0
     478  Mod        -2.00       2    5.00    6.00    7.00       0
     479  Mod         7.00       2    3.00    2.00    4.00       0
     480  Mod        -1.00       2    3.00    2.00    3.00       0
     481  Lib         3.00       3    5.00    3.00    6.00       0
     482  Lib         0.00       3    6.00    3.00    6.00       0
     483  Lib        -3.00       3    4.00    1.00    2.00       0
     484  Lib        -6.00       3    4.00    4.00    3.00       0
     485  Lib         3.00       3    5.00    2.00    5.00       0
     486  Lib        -3.00       3    3.00    2.00    2.00       0
     487  Lib        -1.00       3    4.00    3.00    3.00       0
     488  Lib         5.00       3    4.00    0.00    3.00       0
     489  Lib         1.00       3    5.00    3.00    4.00       0
     490  Lib         2.00       3    4.00    3.00    4.00       0
     491  Miss       -1.00       4       .       .       .       1
     492  Lib         4.00       3    5.00    2.00    3.00       0
     493  Lib        -3.00       3    6.00    1.00    6.00       0
     494  Lib        -2.00       3    3.00    1.00    2.00       0
     495  Lib         3.00       3    3.00    1.00    2.00       0
     496  Lib        -2.00       3    4.00    3.00    3.00       0
     497  Lib        -1.00       3    3.00    4.00    4.00       0
     498  Lib        -1.00       3    5.00    4.00    6.00       0
     499  Lib        -3.00       3    6.00    4.00    4.00       0
     500  Lib        -3.00       3    4.00    3.00    2.00       0
     501  Lib         3.00       3    4.00    3.00    2.00       0
     502  Lib         3.00       3    2.00    2.00    3.00       0
     503  Lib        -2.00       3    4.00    2.00    3.00       0
     504  Lib         0.00       3    4.00    2.00    2.00       0
     505  Lib         2.00       3    4.00    2.00    3.00       0
     506  Lib        -4.00       3    2.00    3.00    2.00       0
     507  Lib         1.00       3    5.00    3.00    3.00       0
     508  Lib         4.00       3    5.00    3.00    5.00       0
     509  Lib         2.00       3    1.00    1.00    3.00       0
     510  Lib        -4.00       3    4.00    2.00    4.00       0
     511  Lib         4.00       3    4.00    2.00    3.00       0
     512  Lib         3.00       3    5.00    2.00    4.00       0
     513  Lib        -3.00       3    4.00    1.00    2.00       0
     514  Lib         0.00       3    4.00    2.00    4.00       0
     515  Lib         6.00       3    4.00    4.00    4.00       0
     516  Miss        2.00       4       .       .       .       1
     517  Lib         6.00       3    3.00    1.00    3.00       0
     518  Lib        -2.00       3    2.00    1.00    1.00       0
     519  Lib         1.00       3    4.00    3.00    4.00       0
     520  Lib        -2.00       3    3.00    3.00    4.00       0
     521  Lib         2.00       3    5.00    2.00    2.00       0
     522  Lib         0.00       3    4.00    4.00    5.00       0
     523  Lib         5.00       3    2.00    1.00    2.00       0
     524  Lib         3.00       3    6.00    2.00    5.00       0
     525  Lib        -4.00       3    4.00    2.00    4.00       0
     526  Lib         2.00       3    3.00    2.00    2.00       0
     527  Lib        -2.00       3    4.00    3.00    4.00       0
     528  Lib         4.00       3    5.00    3.00    5.00       0
     529  Lib         4.00       3    3.00    3.00    6.00       0
     530  Lib        -4.00       3    4.00    2.00    2.00       0
     531  Lib        -3.00       3    2.00    3.00    2.00       0
     532  Lib         1.00       3    4.00    2.00    1.00       0
     533  Lib         3.00       3    3.00    4.00    4.00       0
     534  Lib        -1.00       3    4.00    0.00    4.00       0
     535  Lib        -2.00       3    4.00    2.00    2.00       0
     536  Lib        -6.00       3    2.00    2.00    2.00       0
     537  Lib         0.00       3    4.00    1.00    3.00       0
     538  Lib         4.00       3    3.00    3.00    3.00       0
     539  Lib         3.00       3    3.00    2.00    3.00       0
     540  Lib        -3.00       3    1.00    3.00    4.00       0
     541  Lib         4.00       3    6.00    2.00    3.00       0
     542  Lib        -2.00       3    4.00    1.00    2.00       0
     543  Lib         4.00       3    3.00    2.00    3.00       0
     544  Miss        3.00       4       .       .       .       1
     545  Lib         1.00       3    5.00    2.00    2.00       0
     546  Lib        -6.00       3    6.00    3.00    2.00       0
     547  Lib         1.00       3    5.00    4.00    4.00       0
     548  Lib         3.00       3    5.00    3.00    4.00       0
     549  Lib         4.00       3    5.00    4.00    5.00       0
     550  Lib         2.00       3    4.00    2.00    2.00       0
     551  Lib        -1.00       3    4.00    3.00    4.00       0
     552  Lib         1.00       3    2.00    2.00    2.00       0
     553  Lib        -2.00       3    4.00    2.00    5.00       0
     554  Lib         4.00       3    3.00    1.00    3.00       0
     555  Miss        9.00       4       .       .       .       1
     556  Lib        -1.00       3    3.00    2.00    3.00       0
     557  Lib        -1.00       3    5.00    3.00    3.00       0
     558  Lib         4.00       3    5.00    1.00    3.00       0
     559  Lib         7.00       3    3.00    3.00    3.00       0
     560  Lib         4.00       3    4.00    2.00    2.00       0
     561  Lib         2.00       3    3.00    2.00    4.00       0
     562  Lib        -1.00       3    2.00    2.00    3.00       0
     563  Lib         3.00       3    3.00    2.00    4.00       0
     564  Lib        -1.00       3    4.00    3.00    3.00       0
     565  Lib         2.00       3    5.00    3.00    4.00       0
     566  Lib         1.00       3    5.00    3.00    6.00       0
     567  Lib         1.00       3    4.00    3.00    4.00       0
     568  Lib         3.00       3    4.00    2.00    4.00       0
     569  Lib         4.00       3    6.00    5.00    3.00       0
     570  Lib         6.00       3    4.00    3.00    4.00       0
     571  Lib         3.00       3    3.00    2.00    4.00       0
     572  Lib         1.00       3    2.00    1.00    3.00       0
     573  Lib         5.00       3    5.00    2.00    5.00       0
     574  Lib         4.00       3    2.00    3.00    3.00       0
     575  Lib        -1.00       3    4.00    2.00    4.00       0
     576  Lib         2.00       3    3.00    2.00    5.00       0
     577  Lib         0.00       3    2.00    3.00    4.00       0
     578  Lib         4.00       3    3.00    0.00    5.00       0
     579  Lib         0.00       3    6.00    3.00    3.00       0
     580  Lib         2.00       3    3.00    3.00    5.00       0
     581  Lib        -2.00       3    2.00    2.00    4.00       0
     582  Lib         2.00       3    4.00    4.00    3.00       0
     583  Lib         0.00       3    3.00    3.00    3.00       0
     584  Miss        4.00       4       .       .       .       1
     585  Lib         7.00       3    5.00    3.00    5.00       0
     586  Lib         6.00       3    4.00    2.00    4.00       0
     587  Lib        -1.00       3    3.00    2.00    5.00       0
     588  Lib         1.00       3    4.00    3.00    3.00       0
     589  Lib         3.00       3    3.00    2.00    3.00       0
     590  Lib         0.00       3    3.00    3.00    3.00       0
     591  Lib         2.00       3    3.00    3.00    5.00       0
     592  Lib         2.00       3    3.00    3.00    4.00       0
     593  Lib         5.00       3    5.00    2.00    3.00       0
     594  Lib         6.00       3    4.00    2.00    4.00       0
     595  Lib       -13.00       3    1.00    2.00    3.00       0
     596  Lib        -5.00       3    2.00    4.00    4.00       0
     597  Lib        -2.00       3    3.00    1.00    2.00       0
     598  Lib         2.00       3    5.00    1.00    4.00       0
     599  Lib         5.00       3    5.00    2.00    2.00       0
     600  Lib         0.00       3    4.00    4.00    5.00       0
